# list of 128 random items from [-1000,...,1000], ei=1, ps=a, seed=7
-995.67033
-988.10079
-985.64674
-938.716
-916.42824
-910.16778
-870.40547
-859.17319
-857.28037
-790.56256
-783.25399
-770.14216
-764.90803
-754.98656
-729.12678
-718.14002
-695.43939
-684.6757
-683.95863
-642.03868
-641.63681
-638.703
-624.24076
-541.34984
-531.7431
-519.60104
-495.77667
-479.67122
-479.52831
-479.42725
-437.17616
-405.92917
-396.95304
-388.0959
-341.36834
-332.67493
-316.65528
-270.90283
-266.10014
-255.1583
-231.36635
-201.79854
-192.24916
-170.46726
-168.05558
-144.1948
-140.57544
-124.19336
-123.56254
-123.2564
-105.26446
-100.53479
-69.41742
-52.38344
-37.72887
-26.38104
-21.02768
13.15885
20.55178
37.05192
46.76593
66.74432
69.41365
72.59272
78.23443
94.57261
128.22147
129.79654
142.08115
160.30524
164.83112
172.70582
177.28183
229.04755
246.40776
265.12157
276.9211
277.41614
277.88722
314.73822
323.38549
330.92647
333.16626
353.4446
403.16711
404.58805
418.57596
449.45562
469.78973
475.50918
485.96881
497.25705
503.5695
522.95998
529.36661
556.37128
557.46243
567.2227
575.28441
586.64547
639.92703
644.70857
699.7528
712.76889
714.87235
717.89307
719.58407
725.60216
737.8639
750.33818
764.13888
793.37967
808.42926
819.21714
830.81328
856.21648
876.21604
879.44227
891.43348
899.864
906.45772
922.93157
962.63772
963.03382
985.48595
988.30354
993.80053
994.99397
