# list of 128 random items from [-1000,...,1000], ei=1, ps=d, seed=11
986.26604
973.68498
967.69791
967.5609
950.51373
934.58463
928.64752
895.08424
888.0207
858.45414
846.98777
783.55001
750.80439
750.19259
748.31079
742.52438
732.18837
724.70448
716.73867
694.28756
692.30419
679.04887
664.23165
660.1227
648.54799
646.87426
642.87408
605.76026
587.87237
586.67819
568.62012
553.7384
550.96922
525.5997
484.21868
474.60817
419.27778
394.79174
370.60752
351.73493
305.94717
278.72126
251.87347
250.64776
240.05595
225.74366
193.975
158.83721
158.53902
144.65871
135.67486
108.69927
103.8087
99.72576
94.78712
90.41617
80.15296
22.90961
13.82721
7.45637
4.0486
-32.4867
-51.94611
-66.24322
-67.54906
-109.52517
-113.35283
-115.90518
-117.15935
-120.2356
-150.22494
-151.06488
-162.58758
-163.5448
-168.61274
-185.50557
-198.49068
-204.1868
-217.71793
-236.3626
-237.86393
-250.74515
-263.59489
-264.68846
-298.99727
-312.24259
-316.13461
-329.82134
-336.57815
-344.15853
-388.65434
-392.8637
-402.07507
-417.50714
-445.66476
-450.47987
-451.06835
-458.6295
-480.68918
-482.76155
-502.45815
-533.27062
-536.49231
-540.85071
-542.21196
-549.71252
-554.69417
-573.8001
-579.57939
-607.10857
-608.83378
-622.70349
-623.01203
-653.95351
-662.79757
-697.46109
-742.31555
-756.42762
-787.32438
-793.34513
-823.29378
-829.08162
-852.33086
-870.07048
-885.22392
-932.0515
-952.39272
-957.17097
