# list of 1024 random items from [-1000,...,1000], ei=1, ps=d, seed=12
999.38164
996.54976
995.95101
994.89343
993.4204
993.27914
992.67806
984.78343
983.64288
981.26881
980.79668
974.8973
974.7343
972.23038
967.43753
955.5296
954.56414
953.50818
953.10344
952.27662
946.29223
933.19499
929.55825
919.79638
918.51888
918.27501
917.83615
915.46295
913.92569
912.69
912.03694
907.58369
906.12289
905.60861
902.11735
902.09355
900.30798
896.75671
896.65955
893.09556
892.47244
892.09262
889.13064
886.27985
885.00537
882.94042
878.972
876.9558
873.70576
870.17118
865.81125
864.65669
864.34481
861.80221
860.10733
858.90018
857.60432
856.34036
854.95166
852.25254
844.91221
844.7509
841.81662
841.17905
836.52033
836.50395
829.63451
828.67341
828.4025
828.37188
826.87439
820.87438
819.9251
819.3472
818.70822
816.895
814.59881
813.86154
812.75275
811.01442
807.23271
803.22415
794.71231
794.0906
794.03739
793.43298
792.48978
792.1161
786.77745
786.336
784.89207
783.8994
781.09441
780.22718
779.1564
770.40895
765.78266
765.77557
761.50052
761.49828
759.92711
756.41774
754.36698
753.44806
747.7767
745.93846
744.434
741.37907
738.89509
736.11012
734.61296
734.3596
734.29641
730.2328
729.07772
726.80097
726.70921
723.38519
721.4031
720.83287
720.81285
718.10361
716.7302
712.50672
712.44676
712.32385
709.83571
707.68313
703.23878
699.70107
699.0402
698.49487
697.96583
695.80018
694.59115
694.51362
689.20996
688.63841
684.2566
682.29557
679.11214
678.09876
677.37957
676.22874
674.98323
674.30264
673.23835
673.02062
673.00396
666.16645
664.8315
664.51713
664.26377
660.66023
660.46897
659.20128
654.8129
654.4746
653.03771
648.12213
644.54223
644.24265
643.46223
643.13649
643.08723
641.65797
641.63666
637.0188
635.19651
633.66554
632.92222
631.78268
629.56312
626.57617
626.32345
626.06619
623.84058
622.42036
622.30506
619.48356
618.86686
614.65647
613.77365
613.46765
611.7211
607.54988
606.79551
601.8403
599.61619
595.47971
595.19
594.24688
593.42985
593.20812
592.51579
592.12303
591.54253
590.24078
589.21807
589.1488
587.23783
586.91941
586.44046
584.11985
581.57614
581.53384
580.82417
580.69874
580.68169
579.42872
576.64882
575.78407
573.81223
573.56181
572.85892
570.65441
568.4463
568.43164
568.39043
564.14285
563.24555
561.60315
560.67855
560.26126
559.864
558.89375
558.82681
558.41347
557.84753
557.50818
557.35647
556.14249
555.72836
554.76102
551.53158
549.96426
547.0032
544.3964
542.17725
539.87246
537.07022
536.39104
535.62702
535.24165
531.54904
528.70282
526.18024
525.67125
524.57192
521.49575
521.43533
520.08492
515.52734
514.28487
511.69259
510.78861
510.55104
510.46557
507.89523
505.85177
504.93496
504.76392
504.64033
496.06537
489.63883
487.52082
486.44563
485.54352
485.10994
482.43227
480.68939
478.70993
476.81883
473.17346
472.47793
469.77754
468.48933
466.23594
465.06804
464.89213
463.11563
461.52422
459.88355
458.87751
458.74993
457.84083
455.08501
454.33638
445.08459
444.51142
441.82756
441.10721
438.08305
435.77811
435.43949
435.17913
433.87738
433.44119
432.10183
431.46135
428.29275
427.48324
423.51538
421.04897
419.48432
418.90228
414.13333
412.49547
401.48375
401.07813
395.93289
395.92391
391.53746
390.95825
389.43158
387.93648
387.22995
386.22654
383.54849
380.83843
379.90692
378.25563
377.81932
375.49857
372.43313
371.34883
368.09782
362.19155
359.95084
359.70715
350.85805
348.34421
347.63719
346.78725
343.22214
342.45536
341.02902
338.76137
337.92822
335.61829
335.1844
334.53486
331.4576
330.12432
329.31876
328.67619
328.57016
326.0461
324.58131
323.44147
322.62546
322.45816
320.6981
319.12643
310.50474
309.99962
309.29388
302.15588
299.02767
297.07477
295.25788
294.84303
292.50615
292.46579
291.07197
289.50869
288.82499
286.85008
283.42873
283.30814
281.37631
278.5083
277.82173
266.1573
260.9221
256.23213
253.73005
249.54811
249.5323
246.02579
245.38081
235.5174
227.64677
227.54803
224.87871
223.72372
222.84339
221.78393
220.05956
217.1703
216.24742
212.26699
206.9971
206.43564
204.14767
203.77361
201.70855
198.63058
197.878
193.7297
193.24432
184.3572
182.27934
181.0797
179.53881
179.49372
178.19699
176.82154
176.63702
175.51388
173.99194
171.1188
165.07794
162.90607
162.35275
161.20872
159.07587
155.51427
155.02149
154.4047
153.29347
151.84849
149.63529
145.7943
145.5481
144.89828
140.37314
139.53599
138.33918
135.22768
134.1357
130.7
129.01895
122.88757
120.76503
120.21186
119.92767
115.06714
111.30822
105.54688
104.80587
100.66062
99.84539
98.59428
97.85812
97.80687
92.57497
89.56864
86.35536
84.6574
83.13287
80.32034
78.46068
77.2728
75.00961
71.346
67.38067
66.76789
66.02742
64.36059
64.15104
63.33012
60.73437
59.55293
57.32244
56.56598
54.16135
52.92713
52.4248
51.85067
51.67132
49.96223
48.47617
47.29206
45.52895
44.72538
42.59642
41.41567
40.23411
36.0537
35.27661
34.62118
33.87495
31.00226
27.1018
21.12514
20.12645
18.10932
16.4545
15.62517
12.11673
7.36456
4.30995
4.20994
4.13181
2.864
1.65504
1.05129
-4.91894
-6.11172
-6.24339
-8.88958
-9.00171
-10.09644
-12.27528
-13.46757
-17.39107
-17.59074
-17.69488
-22.72859
-23.50387
-25.32278
-33.1638
-34.99486
-37.17189
-41.63246
-42.55989
-44.97236
-47.69286
-48.77272
-50.06763
-50.25085
-55.50535
-56.21414
-59.54401
-60.44184
-61.43952
-63.30187
-73.59581
-75.23854
-75.38684
-76.06792
-76.09256
-79.2015
-81.52318
-82.411
-82.88791
-89.30565
-90.76767
-91.1835
-92.66017
-95.58744
-97.26801
-97.44143
-99.02098
-102.27886
-103.57996
-105.21302
-105.5801
-106.22597
-107.79417
-109.80544
-111.82197
-112.21685
-113.54369
-114.13937
-116.42412
-116.8653
-116.87129
-117.30717
-117.93382
-118.46671
-119.47683
-119.87302
-120.84334
-124.95293
-126.98296
-128.28807
-133.6397
-133.67645
-139.99817
-144.23921
-146.89321
-148.63809
-152.25857
-153.19883
-153.3447
-159.67524
-161.32851
-162.37884
-162.90984
-165.17222
-165.38755
-165.76148
-166.92779
-170.72209
-170.87853
-172.33302
-172.35531
-173.83384
-174.4028
-175.09328
-178.34729
-178.70932
-179.60881
-180.36242
-183.94599
-184.05153
-184.34512
-188.90848
-189.28531
-190.31926
-191.07473
-193.59334
-193.90041
-198.83871
-199.2019
-199.69419
-199.76026
-200.98785
-202.87545
-205.13695
-208.69849
-211.45748
-214.95478
-215.55434
-216.54146
-218.87241
-223.44909
-224.37233
-225.53893
-227.93846
-229.02843
-235.71685
-236.34707
-240.89107
-242.44597
-248.95874
-249.14968
-259.14194
-259.16182
-263.93723
-268.20253
-269.99149
-270.47347
-271.37863
-275.37402
-275.3884
-283.67172
-289.51964
-289.91815
-291.95611
-292.10972
-295.78825
-297.63695
-300.95318
-301.15343
-301.16358
-303.34824
-303.53957
-305.13794
-310.01019
-311.08481
-311.67811
-314.02898
-314.59167
-316.24459
-317.53706
-318.43512
-321.73448
-323.43808
-324.00477
-324.32696
-327.95536
-328.2994
-329.64806
-333.86027
-334.26726
-339.00019
-339.67039
-340.84943
-340.86451
-342.31603
-344.42874
-344.7005
-345.7373
-349.06542
-349.99881
-351.62573
-353.0547
-367.19146
-368.88575
-369.93525
-370.54913
-371.00967
-371.03038
-371.41849
-372.95157
-374.01012
-374.08121
-374.27782
-375.19633
-375.28761
-375.42325
-377.28903
-378.16487
-378.7564
-381.27797
-381.94314
-382.14767
-386.3184
-389.24629
-389.88507
-390.20145
-390.84594
-393.9749
-394.82757
-395.03372
-395.96468
-397.79328
-399.34854
-403.5042
-404.3804
-404.60662
-408.54701
-409.39022
-410.80892
-411.2208
-415.4133
-416.58559
-425.44745
-425.98603
-426.47496
-427.41085
-428.77046
-429.09555
-430.53544
-431.53312
-434.55262
-435.2356
-436.39015
-438.93145
-440.23548
-445.39454
-445.83943
-446.2516
-446.30952
-450.09903
-451.83803
-452.15731
-454.69295
-455.05704
-457.8473
-458.3312
-458.68575
-458.83238
-459.90114
-460.13609
-461.28137
-461.78316
-464.26433
-465.42992
-466.69609
-466.75173
-470.71891
-470.76753
-479.16351
-482.03061
-486.43832
-488.05588
-489.22273
-490.82983
-492.33676
-493.68459
-494.79292
-494.83787
-496.31223
-496.92074
-497.02841
-497.766
-500.1932
-502.62508
-507.17528
-509.69232
-517.74382
-519.45585
-522.38517
-523.95034
-526.75248
-530.79646
-538.75687
-539.3578
-546.13715
-546.55819
-549.45763
-549.8082
-551.67395
-556.64954
-556.96844
-559.50045
-561.34785
-561.37954
-561.53509
-561.86821
-562.1526
-562.34221
-567.75789
-571.07791
-572.43305
-573.41717
-578.0073
-584.45089
-585.74517
-585.91396
-587.07177
-589.1349
-590.89133
-594.70605
-596.35518
-601.10192
-601.49565
-604.24879
-607.95131
-608.72682
-609.96641
-610.05894
-610.10959
-612.38919
-613.51272
-615.61798
-618.48923
-618.8319
-620.15632
-621.36932
-621.62822
-622.46083
-623.71024
-625.10328
-626.99804
-627.52162
-631.02715
-631.72935
-635.83265
-636.50839
-636.90939
-638.78846
-643.78492
-644.57058
-645.66765
-651.41268
-653.16243
-656.00014
-656.25904
-657.64546
-660.35199
-661.49022
-662.00408
-663.18549
-666.5023
-667.38725
-669.08994
-673.65704
-675.72358
-679.01939
-680.5182
-680.96705
-681.41898
-692.87677
-692.98615
-697.28251
-698.43393
-702.72697
-709.68275
-711.48472
-713.90962
-716.26262
-717.07894
-717.13829
-719.98528
-721.56311
-721.99254
-722.03035
-722.12221
-725.74921
-726.07539
-726.50117
-729.57802
-729.58518
-729.69692
-735.37861
-735.41829
-739.19058
-743.56944
-746.195
-747.91288
-748.47509
-749.81162
-752.67657
-753.90385
-758.23595
-758.83222
-760.83505
-763.1598
-763.37876
-765.41428
-766.03672
-766.08501
-768.50249
-774.72499
-784.00131
-784.40679
-786.56744
-786.94749
-787.08624
-788.95619
-789.042
-791.14924
-791.52314
-792.58663
-795.03859
-796.78598
-799.23954
-800.31532
-801.0755
-802.41677
-806.25631
-806.35117
-807.14552
-807.90885
-808.33001
-808.96673
-809.66534
-813.27238
-813.4632
-815.31946
-815.50652
-818.33211
-818.74725
-822.59979
-826.37792
-829.03434
-830.62329
-835.06606
-837.56984
-841.1356
-841.46961
-844.87328
-846.27363
-846.8031
-847.36911
-848.05962
-848.93461
-848.99778
-850.42475
-853.73611
-853.97282
-854.54198
-856.50235
-857.37153
-858.31491
-858.33465
-858.78303
-865.57775
-868.59147
-869.30826
-871.39535
-871.66108
-872.52435
-873.84051
-875.51559
-880.59361
-882.13937
-885.17845
-886.90175
-887.07369
-887.11983
-890.29794
-894.21973
-894.33434
-894.42897
-894.61963
-897.37678
-899.58385
-900.56838
-901.23011
-901.25513
-902.96642
-905.17941
-905.78986
-909.28919
-912.70182
-913.14124
-913.21909
-919.27116
-919.98421
-920.11241
-921.48818
-924.5302
-926.1842
-926.98383
-929.02045
-930.99843
-932.61177
-934.47027
-937.20677
-940.52777
-945.0423
-948.71325
-951.98425
-952.18821
-956.6166
-960.75354
-961.51313
-966.12971
-968.92581
-972.46348
-975.47213
-977.85053
-981.25443
-981.86522
-981.90747
-982.04641
-982.99528
-983.33467
-986.8819
-991.02744
-991.7474
-992.7256
-992.87901
-993.33813
-993.75953
-996.33883
-997.31214
-998.58595
