# list of 128 random items from [-1000,...,1000], ei=1, ps=n, seed=3
656.58975
37.61047
-585.28278
-924.46351
-505.73646
211.02278
939.8783
-548.26487
-648.22038
-228.3327
-504.50505
-194.77909
393.84823
745.07689
-98.98618
-353.27856
-789.50026
-981.99388
-67.36169
842.4487
283.17356
-756.39974
620.83742
463.60197
880.52459
258.96214
960.93772
200.10707
44.9268
158.5516
377.36438
225.99852
30.01404
-108.00783
-997.39993
817.87462
134.80768
281.25792
828.46054
741.3743
-822.69033
158.08868
770.04682
195.13583
-82.65675
807.72866
-262.58187
525.25474
392.49686
-458.52565
514.26367
114.39519
158.21343
63.20399
533.0185
-643.14594
-336.76147
-144.00912
-782.62854
-114.61388
918.68424
-870.3374
-121.34104
971.79386
-223.57075
-256.7556
-675.2768
136.531
-765.27945
-759.20484
960.69047
769.08208
-936.21575
807.34101
959.07826
-352.58465
529.08826
-7.10799
666.01725
562.09999
459.89741
-829.20853
-859.16992
-866.88293
563.58007
-816.86313
-467.59587
-265.98953
657.48103
-926.76879
-40.3501
-537.84174
179.37028
412.25952
-824.28916
-158.03334
939.04306
-931.46536
525.86966
229.82028
-177.69311
-333.40274
-350.85012
-261.10788
-922.36266
-877.55742
746.4728
748.39278
-230.1596
151.27801
555.34997
562.40413
-605.09109
-833.90499
-927.49412
642.26727
682.21485
-281.10663
600.07336
584.31722
-953.99716
-759.62039
-303.82877
14.89931
-403.6111
197.96013
-398.69092
481.93046
