# list of 1024 random items from [-1000,...,1000], ei=1, ps=n, seed=4
533.6151
-318.60325
503.4462
417.2077
776.47469
-251.36042
-298.88696
-842.12037
967.22468
664.84349
280.97334
-924.16007
930.66835
642.45609
-732.4125
996.92073
-134.49038
-208.77786
-325.84609
185.55799
474.24162
-778.4162
-509.49086
-417.47598
65.27704
526.14957
-763.2629
947.269
36.97076
-173.77011
655.29737
-127.10984
-614.05018
-692.23696
-396.88994
444.96179
896.65986
655.90689
87.93185
-165.14803
-267.64417
-182.89359
-241.73522
708.55354
771.58471
-412.39412
206.84182
170.5521
437.39815
-44.22492
219.01728
-177.79681
801.70354
553.1825
214.35033
189.38097
498.43811
-770.74335
542.52999
735.02543
-326.48876
379.37831
-731.60725
874.00225
-593.32218
208.66539
-353.12945
535.80249
-204.35642
825.28183
416.27557
70.13576
-477.0162
761.89039
385.15153
577.08816
244.09787
-647.47079
908.91697
-878.04861
46.72527
172.71083
-203.00699
579.17378
-40.20777
959.31883
686.87079
-218.16901
-869.14367
104.27083
583.63053
-910.27541
492.12645
408.89833
-104.54192
572.08541
825.9386
-137.61505
-159.4245
-963.9495
-538.51816
917.71168
584.44289
-857.80748
382.86744
-171.89833
-777.43945
419.46104
380.09459
251.56405
835.97028
445.78898
444.25099
-323.48048
-453.38323
558.07301
656.30711
635.5989
900.40599
985.98426
-144.82306
306.10759
387.11041
-148.75286
-776.16338
-832.90692
-426.82702
-633.55552
-688.47191
501.05716
-19.71726
-978.99368
584.6097
-244.77
636.18855
435.08219
652.40532
917.60963
-457.84346
-911.27373
464.64903
338.55976
-575.01973
-338.90343
-892.34426
-688.69351
922.85525
-240.42437
-205.35894
-457.6275
196.03316
-4.71284
548.53003
420.7794
-604.72707
-182.57836
618.66352
752.63726
-25.04338
-71.48409
-915.47458
-637.20485
-283.34771
186.09378
378.57325
783.45763
-895.79223
916.07725
-448.18997
537.7304
-763.06097
696.99485
-51.82816
790.79016
-204.56217
619.98883
914.79701
936.23279
802.35024
-743.63766
-355.67053
-857.36322
-612.23085
-321.45299
657.43939
831.89633
184.74942
619.61476
44.63532
-427.48665
-881.40573
561.52341
-701.06932
770.33712
-130.17721
-955.30474
-417.16234
423.75999
-241.03079
938.88912
206.52129
880.91909
715.54657
-167.7179
997.37492
104.54218
-241.27648
-700.44484
-925.80208
-874.30368
-217.92244
657.96627
572.73062
-750.37967
482.05498
588.57024
149.31594
-895.34238
477.41196
-33.21133
-77.07875
-831.59875
-471.11935
856.89482
-722.45309
-752.44064
326.3874
262.6255
-378.45527
-649.78756
-879.77857
-557.56125
550.3866
406.83193
-464.20601
-984.26144
463.78533
871.55749
-516.24597
-611.72661
992.62929
-885.11321
-229.6725
-552.17785
-666.61877
873.99663
-857.35484
583.19181
801.97149
624.19715
721.90056
-554.32715
-314.03892
63.00372
334.14119
218.52901
455.03258
-157.32005
-761.25
-281.98191
-26.10834
-487.37827
-371.53493
642.38233
-44.5612
-593.70587
702.5601
787.28141
-212.02965
-729.12615
278.93395
254.55212
-728.38884
122.1181
-733.90518
-996.06202
130.97512
-803.6661
-628.91247
473.18085
507.21761
593.71021
566.50598
-174.81123
210.43486
-847.77521
763.17622
31.98821
-56.81718
383.05764
705.05981
-427.25205
772.38057
977.81275
591.81613
334.13084
-234.47676
-718.64472
-445.60095
-732.36817
163.34545
583.97243
787.58033
-622.15513
784.6792
992.92047
810.63711
135.77962
812.76532
748.76051
623.22946
241.82808
789.89525
829.68126
558.87836
948.42944
-400.27147
203.44291
92.87592
-161.82512
734.01725
-345.62803
-902.25753
-304.79743
-898.67145
349.9024
854.48984
-859.52083
-829.56382
670.20895
513.15564
630.55599
604.23689
-952.0799
-316.03692
-820.30067
732.99713
255.70829
904.57823
626.05265
926.49274
396.96095
-227.18733
-195.00099
976.00886
403.78998
352.44189
-113.18197
51.49461
-292.03399
-476.56307
458.99405
516.82819
-474.8023
-719.44151
969.33122
29.68738
-143.48217
409.10405
-584.97806
87.19631
-959.26719
-879.2636
415.90818
278.78348
-627.06061
97.54672
-71.97347
-376.98422
906.72689
117.98166
784.31997
-192.82248
-771.68021
-722.85967
-177.98508
-911.67016
-13.42123
547.35306
-919.63335
425.78878
-451.31769
-575.37783
-905.92391
-24.69029
603.49398
954.67603
-570.40284
522.70495
-614.88565
673.32108
-643.29295
-678.15761
-307.88518
-940.8248
-890.58891
-35.11224
427.22546
91.769
734.33966
910.46275
886.45736
-747.9391
-748.83805
-118.22052
616.34348
-430.40133
879.24565
-110.18175
-755.31161
612.10897
-545.11032
292.59763
-198.22318
625.39068
80.47638
-918.97956
238.70545
-812.75306
-585.4094
-291.3074
90.99477
963.91659
856.41076
-269.71374
467.9517
970.13622
246.03771
-16.60219
922.55554
-543.02444
-361.81359
571.00042
890.91227
761.1059
-343.42892
306.99029
-224.89336
736.39854
-421.72618
943.25079
736.48374
-380.31878
751.27996
914.81254
511.88187
632.44557
-681.40049
-27.90309
-266.59808
-674.81107
658.67089
-308.25823
566.96997
-657.75859
-290.4156
724.48301
-195.03472
-229.98481
634.14084
199.75034
-983.83432
-208.07164
-135.43235
-997.55933
900.53785
273.75807
-276.5143
958.10504
739.97765
368.38993
-312.77187
-959.20704
-580.81645
-525.36412
491.81729
842.47779
20.8362
-977.64988
882.12342
343.51853
341.55865
-631.68852
135.80454
321.74774
93.64419
705.52072
-508.52348
552.26483
-966.9502
-276.99297
-126.1454
-641.97083
-533.46089
-511.10459
759.557
-847.06659
683.56546
583.64144
894.44285
94.44796
156.67175
-246.9347
-21.05893
-830.5149
-353.76598
-500.98356
-377.65681
203.95766
252.8444
-518.23658
-722.12202
518.46797
273.83384
621.1432
202.93932
629.89071
749.76337
-796.12992
-817.29027
826.62396
470.02963
-702.67688
155.52379
-688.59561
362.50952
-83.89032
619.62054
79.16736
11.12967
127.9393
-427.43928
-833.94229
-665.11327
-450.62491
-346.75378
-76.41504
-37.78537
-333.0464
-378.60739
-65.05012
698.77434
261.59201
-833.67148
465.03443
-904.64959
-474.24218
359.42673
632.70684
378.04362
-202.41819
855.91008
585.12452
135.46793
657.47879
-647.89058
-68.38055
85.54743
819.03458
810.25046
-691.79304
689.60242
-833.97869
419.89332
438.96145
-111.00584
-610.8837
-876.9929
724.24795
-656.29189
962.45108
875.07012
-629.81848
370.14418
-285.93891
464.84233
292.11406
-669.86791
-24.7952
-606.58979
79.82042
-739.42274
719.20743
300.54209
352.96013
-710.10333
-600.45505
-131.35801
-903.83496
-881.51704
-440.31654
-620.03951
-493.58633
-489.98062
547.01346
144.80798
-285.33558
-890.52862
-520.72582
-694.63978
84.07441
701.40283
-963.84224
721.7953
-519.3254
-599.92373
-281.22744
614.0368
278.95594
-208.06616
729.39157
197.83047
191.53848
-196.86479
-465.67788
-941.76577
131.70922
169.12336
-804.1414
385.9848
905.04064
-760.31134
-33.78715
178.90594
-625.99814
33.62834
-884.85993
-740.64229
163.95342
-485.95127
-828.628
116.68485
-177.48044
187.03702
333.27237
901.5707
-756.82683
691.67178
-256.48696
-461.39863
-305.02491
906.776
99.56707
-252.88698
-140.95905
259.18517
-677.60553
-684.52694
91.73494
-989.64291
-271.09057
-735.82047
-568.95667
-188.52765
-301.16643
87.43461
91.32791
-456.212
20.18489
290.82049
25.80839
953.24611
547.35838
968.60311
705.23671
-978.08849
-41.97119
-367.87584
-684.3726
-351.3526
851.70186
569.89814
-686.88567
-155.81086
-868.1994
-612.55342
-170.94613
-642.18498
-395.54824
838.79786
340.14332
-381.38473
-661.49168
344.54273
-745.98866
-526.90033
938.1312
-475.26027
19.76947
-490.99118
628.65198
-815.80546
-107.42501
-966.46084
-800.80184
-503.34345
-655.17333
407.01959
-353.05072
469.16789
874.66984
-646.34128
-861.56093
-747.65485
362.04466
528.0307
177.52177
435.67232
-397.56503
-478.2911
-966.30415
-89.41173
-801.43673
887.16021
-77.87547
-656.08131
-805.89565
749.71264
-93.51177
858.88271
-150.39044
-810.24074
-356.48034
654.24199
390.35047
-222.33632
-407.82632
-365.9544
584.55218
-391.28106
-793.07514
-948.75919
-47.4335
365.76438
858.18503
285.03032
112.6143
183.19649
-878.44639
951.90277
-967.40994
-21.51237
-490.10969
92.90977
852.32802
-74.01473
125.79577
-752.04315
-436.11564
647.41531
-243.36202
-924.5344
495.096
715.31751
268.36611
720.64428
-651.64136
-39.45806
582.5419
907.58042
468.60658
47.27933
292.53613
840.26097
-980.72111
511.26462
-86.43167
688.92079
-593.77548
-290.8246
509.59047
-371.93726
-626.23937
732.04019
939.29596
312.30945
589.31807
348.46945
-86.46267
903.7116
-103.30272
-634.46076
-17.44673
289.06574
287.68363
973.45645
-182.27212
-479.8973
376.94882
-598.19753
778.91901
398.62692
-566.64221
-907.78359
-728.3267
856.36098
-580.16973
-668.98854
-377.6712
803.45286
933.80103
-888.48626
-487.98298
-739.57218
-87.66148
117.23431
303.60906
-138.36166
-602.03768
-537.76223
224.29687
-789.39252
-366.40792
-659.30413
-769.24416
-356.25629
981.77142
-831.99166
825.06685
-418.73408
-456.61061
310.19326
-658.99441
-325.40818
-900.55871
253.94635
-938.65924
951.41894
-706.70952
-789.57286
193.95816
-525.59194
235.3713
-846.44371
177.86185
-912.00934
-124.72746
-979.99966
889.85699
-307.91924
-763.71047
-640.76954
28.03007
-118.30553
182.97453
-629.20442
673.43823
-286.90862
369.76963
-203.09092
674.59664
-327.42983
270.24419
30.99733
820.06195
-6.44474
-158.25449
361.01808
840.37314
957.1261
-455.00126
983.15986
557.24344
-840.30605
392.72314
-208.57858
871.5344
929.75878
980.40023
-601.88812
-775.44662
-18.34629
-894.17993
-378.43693
-342.25207
318.07177
463.36633
588.58414
567.02915
-321.02995
-628.28399
73.31313
-241.62168
435.67271
539.81134
-493.65731
254.49245
823.61148
-186.79153
85.00165
-618.05212
184.50158
-650.63049
-87.55529
71.36906
-312.4121
-470.93194
-781.63337
786.93446
307.15202
-133.04655
-880.77057
559.72147
-727.13079
417.46982
539.76208
-658.23425
-204.39718
-883.78269
-297.46123
-186.95316
316.52898
176.77348
531.96204
154.90934
-240.50231
-365.62096
750.7913
329.58889
144.18114
-452.59953
245.50251
-223.51645
368.05809
-325.4123
-646.06288
-103.01774
-607.90781
-836.82428
-363.74828
74.19805
296.15122
-738.99473
-658.02544
-508.16834
-942.92809
-369.63427
789.78165
240.14141
951.67003
522.61722
86.80786
-512.58346
-112.44211
-207.23178
-490.98818
-651.27691
-303.22064
901.00523
20.91671
-294.05517
-742.11201
-194.63979
-34.97301
-358.95482
728.70134
660.60817
-696.41423
150.88857
545.59595
-969.87282
451.12522
865.79774
243.15817
-692.71831
-625.21959
908.37007
-935.56149
-447.36067
894.35583
-139.69201
-164.66988
-408.82667
-100.31001
-183.14538
939.7289
-344.42419
996.51078
-338.73227
-882.94331
-722.54526
-63.89816
-326.839
-987.60812
-755.12743
-786.42828
601.24047
360.98027
385.34793
671.70173
-189.23918
905.44258
788.98198
-91.37928
-770.16214
-690.92683
489.21436
-99.47803
-307.32952
572.67778
779.32391
706.13059
-700.50078
-712.548
-664.90145
725.81675
-858.59423
-390.0834
-114.95501
-603.02848
-872.39966
475.96664
31.72893
-378.81051
684.89093
735.10918
-645.98389
780.68198
545.66167
-23.42982
646.35815
694.40781
439.0201
-904.5887
